execute if entity @s[tag=aj.fake_wall.bone.1] run data modify entity @s {} merge value {transformation:[-0.6345965240494318f,0f,-1.1726316682753184f,-0.7269736842105262f,0f,1.3333333333333333f,0f,0f,1.1726316682753184f,0f,-0.6345965240494318f,-0.18092105263157907f,0f,0f,0f,1f],start_interpolation:0}
execute if entity @s[tag=aj.fake_wall.bone.2] run data modify entity @s {} merge value {transformation:[-0.7456421648831658f,0f,-0.6663465779520037f,-1.0580357142857142f,0f,1f,0f,1.28125f,0.6663465779520037f,0f,-0.7456421648831658f,0.4116964285714285f,0f,0f,0f,1f],start_interpolation:0}
execute if entity @s[tag=aj.fake_wall.bone.3] run data modify entity @s {} merge value {transformation:[-0.6427876096865391f,0f,0.7660444431189781f,1.2777777777777777f,0f,1f,0f,1.28125f,-0.7660444431189781f,0f,-0.6427876096865391f,0.4564583333333334f,0f,0f,0f,1f],start_interpolation:0}
execute if entity @s[tag=aj.fake_wall.bone.4] run data modify entity @s {} merge value {transformation:[-0.7818314824680298f,0f,0.6234898018587335f,0.42857142857142855f,0f,1f,0f,0f,-0.6234898018587335f,0f,-0.7818314824680298f,-0.41964285714285715f,0f,0f,0f,1f],start_interpolation:0}
execute if entity @s[tag=aj.fake_wall.bone.5] run data modify entity @s {} merge value {transformation:[-0.6253365902901874f,0f,-0.780355142767857f,-1.0732758620689655f,0f,1f,0f,0.28125f,0.780355142767857f,0f,-0.6253365902901874f,0.4254741379310344f,0f,0f,0f,1f],start_interpolation:0}
execute if entity @s[tag=aj.fake_wall.bone.6] run data modify entity @s {} merge value {transformation:[-0.8660254037844386f,0f,0.5f,1.1666666666666665f,0f,1f,0f,0.28125f,-0.5f,0f,-0.8660254037844386f,0.45645833333333347f,0f,0f,0f,1f],start_interpolation:0}