execute if entity @s[tag=aj.fake_wall.bone.1] run data modify entity @s {} merge value {transformation:[-1.2210311022067433f,0f,-0.5355938995372923f,-0.2796052631578947f,0f,1.3333333333333333f,0f,0f,0.5355938995372923f,0f,-1.2210311022067433f,-0.33881578947368424f,0f,0f,0f,1f],start_interpolation:0}
execute if entity @s[tag=aj.fake_wall.bone.2] run data modify entity @s {} merge value {transformation:[-0.9609173219450996f,0f,-0.27683551142484925f,-1.0223214285714286f,0f,1f,0f,1.28125f,0.27683551142484925f,0f,-0.9609173219450996f,0.46526785714285707f,0f,0f,0f,1f],start_interpolation:0}
execute if entity @s[tag=aj.fake_wall.bone.3] run data modify entity @s {} merge value {transformation:[-0.918216106880274f,0f,0.39607976603915707f,1.1296296296296298f,0f,1f,0f,1.28125f,-0.39607976603915707f,0f,-0.918216106880274f,0.5120138888888889f,0f,0f,0f,1f],start_interpolation:0}
execute if entity @s[tag=aj.fake_wall.bone.4] run data modify entity @s {} merge value {transformation:[-0.9749279121818236f,0f,0.22252093395631445f,0.1428571428571429f,0f,1f,0f,0f,-0.22252093395631445f,0f,-0.9749279121818236f,-0.5982142857142857f,0f,0f,0f,1f],start_interpolation:0}
execute if entity @s[tag=aj.fake_wall.bone.5] run data modify entity @s {} merge value {transformation:[-0.8897737294131285f,0f,-0.45640191766276894f,-1.0387931034482758f,0f,1f,0f,0.28125f,0.45640191766276894f,0f,-0.8897737294131285f,0.45995689655172406f,0f,0f,0f,1f],start_interpolation:0}
execute if entity @s[tag=aj.fake_wall.bone.6] run data modify entity @s {} merge value {transformation:[-0.9945218953682733f,0f,0.10452846326765368f,1.0333333333333334f,0f,1f,0f,0.28125f,-0.10452846326765368f,0f,-0.9945218953682733f,0.48979166666666674f,0f,0f,0f,1f],start_interpolation:0}