execute if entity @s[tag=aj.fake_wall.bone.1] run data modify entity @s {} merge value {transformation:[-0.9030420955009884f,0f,-0.9809652142308418f,-0.5592105263157895f,0f,1.3333333333333333f,0f,0f,0.9809652142308418f,0f,-0.9030420955009884f,-0.24013157894736847f,0f,0f,0f,1f],start_interpolation:0}
execute if entity @s[tag=aj.fake_wall.bone.2] run data modify entity @s {} merge value {transformation:[-0.8467241992282843f,0f,-0.5320320765153365f,-1.0446428571428572f,0f,1f,0f,1.28125f,0.5320320765153365f,0f,-0.8467241992282843f,0.4317857142857142f,0f,0f,0f,1f],start_interpolation:0}
execute if entity @s[tag=aj.fake_wall.bone.3] run data modify entity @s {} merge value {transformation:[-0.7660444431189779f,0f,0.6427876096865395f,1.2222222222222223f,0f,1f,0f,1.28125f,-0.6427876096865395f,0f,-0.7660444431189779f,0.4772916666666667f,0f,0f,0f,1f],start_interpolation:0}
execute if entity @s[tag=aj.fake_wall.bone.4] run data modify entity @s {} merge value {transformation:[-0.8752234219087536f,0f,0.4837188871052399f,0.32142857142857145f,0f,1f,0f,0f,-0.4837188871052399f,0f,-0.8752234219087536f,-0.48660714285714285f,0f,0f,0f,1f],start_interpolation:0}
execute if entity @s[tag=aj.fake_wall.bone.5] run data modify entity @s {} merge value {transformation:[-0.7403192830266222f,0f,-0.6722554270356975f,-1.0603448275862069f,0f,1f,0f,0.28125f,0.6722554270356975f,0f,-0.7403192830266222f,0.438405172413793f,0f,0f,0f,1f],start_interpolation:0}
execute if entity @s[tag=aj.fake_wall.bone.6] run data modify entity @s {} merge value {transformation:[-0.9335804264972017f,0f,0.3583679495453005f,1.1166666666666667f,0f,1f,0f,0.28125f,-0.3583679495453005f,0f,-0.9335804264972017f,0.4689583333333334f,0f,0f,0f,1f],start_interpolation:0}