execute if entity @s[tag=aj.fake_wall.bone.2] run data modify entity @s {} merge value {transformation:[-0.2225209339563149f,0f,-0.9749279121818235f,-1.1071428571428572f,0f,1f,0f,1.28125f,0.9749279121818235f,0f,-0.2225209339563149f,0.3380357142857142f,0f,0f,0f,1f],start_interpolation:0}
execute if entity @s[tag=aj.fake_wall.bone.3] run data modify entity @s {} merge value {transformation:[-0.05814482891047566f,0f,0.9983081582712682f,1.4814814814814816f,0f,1f,0f,1.28125f,-0.9983081582712682f,0f,-0.05814482891047566f,0.3800694444444445f,0f,0f,0f,1f],start_interpolation:0}
execute if entity @s[tag=aj.fake_wall.bone.4] run data modify entity @s {} merge value {transformation:[-0.2768355114248492f,0f,0.9609173219450996f,0.8214285714285714f,0f,1f,0f,0f,-0.9609173219450996f,0f,-0.2768355114248492f,-0.1741071428571428f,0f,0f,0f,1f],start_interpolation:0}
execute if entity @s[tag=aj.fake_wall.bone.5] run data modify entity @s {} merge value {transformation:[-0.0961452816421038f,0f,-0.9953673115076468f,-1.1206896551724137f,0f,1f,0f,0.28125f,0.9953673115076468f,0f,-0.0961452816421038f,0.3780603448275861f,0f,0f,0f,1f],start_interpolation:0}
execute if entity @s[tag=aj.fake_wall.bone.6] run data modify entity @s {} merge value {transformation:[-0.45399049973954686f,0f,0.8910065241883679f,1.35f,0f,1f,0f,0.28125f,-0.8910065241883679f,0f,-0.45399049973954686f,0.4106250000000002f,0f,0f,0f,1f],start_interpolation:0}