execute if entity @s[tag=aj.fake_wall.bone.2] run data modify entity @s {} merge value {transformation:[-0.43388373911755873f,0f,-0.9009688679024189f,-1.0892857142857142f,0f,1f,0f,1.28125f,0.9009688679024189f,0f,-0.43388373911755873f,0.3648214285714285f,0f,0f,0f,1f],start_interpolation:0}
execute if entity @s[tag=aj.fake_wall.bone.3] run data modify entity @s {} merge value {transformation:[-0.2868032327110901f,0f,0.957989512315489f,1.4074074074074074f,0f,1f,0f,1.28125f,-0.957989512315489f,0f,-0.2868032327110901f,0.4078472222222223f,0f,0f,0f,1f],start_interpolation:0}
execute if entity @s[tag=aj.fake_wall.bone.4] run data modify entity @s {} merge value {transformation:[-0.48371888710524f,0f,0.8752234219087537f,0.6785714285714284f,0f,1f,0f,0f,-0.8752234219087537f,0f,-0.48371888710524f,-0.2633928571428572f,0f,0f,0f,1f],start_interpolation:0}
execute if entity @s[tag=aj.fake_wall.bone.5] run data modify entity @s {} merge value {transformation:[-0.3021404155695727f,0f,-0.9532634312085227f,-1.103448275862069f,0f,1f,0f,0.28125f,0.9532634312085227f,0f,-0.3021404155695727f,0.39530172413793097f,0f,0f,0f,1f],start_interpolation:0}
execute if entity @s[tag=aj.fake_wall.bone.6] run data modify entity @s {} merge value {transformation:[-0.6293203910498376f,0f,0.7771459614569708f,1.2833333333333332f,0f,1f,0f,0.28125f,-0.7771459614569708f,0f,-0.6293203910498376f,0.42729166666666685f,0f,0f,0f,1f],start_interpolation:0}