execute if entity @s[tag=aj.fake_wall.bone.2] run data modify entity @s {} merge value {transformation:[-0.33027906195516743f,0f,-0.9438833303083675f,-1.0982142857142856f,0f,1f,0f,1.28125f,0.9438833303083675f,0f,-0.33027906195516743f,0.35142857142857137f,0f,0f,0f,1f],start_interpolation:0}
execute if entity @s[tag=aj.fake_wall.bone.3] run data modify entity @s {} merge value {transformation:[-0.17364817766693041f,0f,0.9848077530122079f,1.4444444444444444f,0f,1f,0f,1.28125f,-0.9848077530122079f,0f,-0.17364817766693041f,0.3939583333333334f,0f,0f,0f,1f],start_interpolation:0}
execute if entity @s[tag=aj.fake_wall.bone.4] run data modify entity @s {} merge value {transformation:[-0.38268343236509006f,0f,0.9238795325112866f,0.7499999999999999f,0f,1f,0f,0f,-0.9238795325112866f,0f,-0.38268343236509006f,-0.21874999999999997f,0f,0f,0f,1f],start_interpolation:0}
execute if entity @s[tag=aj.fake_wall.bone.5] run data modify entity @s {} merge value {transformation:[-0.2002524864637355f,0f,-0.9797443246404092f,-1.1120689655172413f,0f,1f,0f,0.28125f,0.9797443246404092f,0f,-0.2002524864637355f,0.38668103448275853f,0f,0f,0f,1f],start_interpolation:0}
execute if entity @s[tag=aj.fake_wall.bone.6] run data modify entity @s {} merge value {transformation:[-0.5446390350150272f,0f,0.838670567945424f,1.3166666666666667f,0f,1f,0f,0.28125f,-0.838670567945424f,0f,-0.5446390350150272f,0.4189583333333335f,0f,0f,0f,1f],start_interpolation:0}