execute if entity @s[tag=aj.fake_wall.bone.1] run data modify entity @s {} merge value {transformation:[-0.9809652142308424f,0f,-0.9030420955009879f,-0.5032894736842105f,0f,1.3333333333333333f,0f,0f,0.9030420955009879f,0f,-0.9809652142308424f,-0.25986842105263164f,0f,0f,0f,1f],start_interpolation:0}
execute if entity @s[tag=aj.fake_wall.bone.2] run data modify entity @s {} merge value {transformation:[-0.8752234219087539f,0f,-0.4837188871052396f,-1.0401785714285714f,0f,1f,0f,1.28125f,0.4837188871052396f,0f,-0.8752234219087539f,0.4384821428571428f,0f,0f,0f,1f],start_interpolation:0}
execute if entity @s[tag=aj.fake_wall.bone.3] run data modify entity @s {} merge value {transformation:[-0.8021231927550436f,0f,0.5971585917027863f,1.2037037037037037f,0f,1f,0f,1.28125f,-0.5971585917027863f,0f,-0.8021231927550436f,0.4842361111111112f,0f,0f,0f,1f],start_interpolation:0}
execute if entity @s[tag=aj.fake_wall.bone.4] run data modify entity @s {} merge value {transformation:[-0.9009688679024191f,0f,0.4338837391175581f,0.2857142857142857f,0f,1f,0f,0f,-0.4338837391175581f,0f,-0.9009688679024191f,-0.5089285714285715f,0f,0f,0f,1f],start_interpolation:0}
execute if entity @s[tag=aj.fake_wall.bone.5] run data modify entity @s {} merge value {transformation:[-0.7746781546112346f,0f,-0.6323557201197219f,-1.0560344827586208f,0f,1f,0f,0.28125f,0.6323557201197219f,0f,-0.7746781546112346f,0.44271551724137925f,0f,0f,0f,1f],start_interpolation:0}
execute if entity @s[tag=aj.fake_wall.bone.6] run data modify entity @s {} merge value {transformation:[-0.9510565162951535f,0f,0.30901699437494756f,1.1f,0f,1f,0f,0.28125f,-0.30901699437494756f,0f,-0.9510565162951535f,0.4731250000000001f,0f,0f,0f,1f],start_interpolation:0}