execute if entity @s[tag=aj.fake_wall.bone.1] run data modify entity @s {} merge value {transformation:[-1.0521873458618582f,0f,-0.8189502835862235f,-0.4473684210526314f,0f,1.3333333333333333f,0f,0f,0.8189502835862235f,0f,-1.0521873458618582f,-0.27960526315789486f,0f,0f,0f,1f],start_interpolation:0}
execute if entity @s[tag=aj.fake_wall.bone.2] run data modify entity @s {} merge value {transformation:[-0.9009688679024191f,0f,-0.4338837391175579f,-1.0357142857142858f,0f,1f,0f,1.28125f,0.4338837391175579f,0f,-0.9009688679024191f,0.44517857142857137f,0f,0f,0f,1f],start_interpolation:0}
execute if entity @s[tag=aj.fake_wall.bone.3] run data modify entity @s {} merge value {transformation:[-0.8354878114129363f,0f,0.5495089780708062f,1.1851851851851851f,0f,1f,0f,1.28125f,-0.5495089780708062f,0f,-0.8354878114129363f,0.4911805555555557f,0f,0f,0f,1f],start_interpolation:0}
execute if entity @s[tag=aj.fake_wall.bone.4] run data modify entity @s {} merge value {transformation:[-0.9238795325112868f,0f,0.3826834323650897f,0.24999999999999997f,0f,1f,0f,0f,-0.3826834323650897f,0f,-0.9238795325112868f,-0.53125f,0f,0f,0f,1f],start_interpolation:0}
execute if entity @s[tag=aj.fake_wall.bone.5] run data modify entity @s {} merge value {transformation:[-0.8068892165500705f,0f,-0.5907027951645509f,-1.0517241379310345f,0f,1f,0f,0.28125f,0.5907027951645509f,0f,-0.8068892165500705f,0.44702586206896544f,0f,0f,0f,1f],start_interpolation:0}
execute if entity @s[tag=aj.fake_wall.bone.6] run data modify entity @s {} merge value {transformation:[-0.9659258262890683f,0f,0.2588190451025208f,1.0833333333333333f,0f,1f,0f,0.28125f,-0.2588190451025208f,0f,-0.9659258262890683f,0.4772916666666668f,0f,0f,0f,1f],start_interpolation:0}