execute if entity @s[tag=aj.fake_wall.bone.1] run data modify entity @s {} merge value {transformation:[-0.11010579396310984f,0f,-1.328779324008893f,-1.0065789473684212f,0f,1.3333333333333333f,0f,0f,1.328779324008893f,0f,-0.11010579396310984f,-0.08223684210526323f,0f,0f,0f,1f],start_interpolation:0}
execute if entity @s[tag=aj.fake_wall.bone.2] run data modify entity @s {} merge value {transformation:[-0.5320320765153365f,0f,-0.8467241992282841f,-1.0803571428571428f,0f,1f,0f,1.28125f,0.8467241992282841f,0f,-0.5320320765153365f,0.3782142857142856f,0f,0f,0f,1f],start_interpolation:0}
execute if entity @s[tag=aj.fake_wall.bone.3] run data modify entity @s {} merge value {transformation:[-0.3960797660391563f,0f,0.9182161068802742f,1.3703703703703705f,0f,1f,0f,1.28125f,-0.9182161068802742f,0f,-0.3960797660391563f,0.42173611111111114f,0f,0f,0f,1f],start_interpolation:0}
execute if entity @s[tag=aj.fake_wall.bone.4] run data modify entity @s {} merge value {transformation:[-0.5786712961798056f,0f,0.8155608689592603f,0.6071428571428572f,0f,1f,0f,0f,-0.8155608689592603f,0f,-0.5786712961798056f,-0.3080357142857142f,0f,0f,0f,1f],start_interpolation:0}
execute if entity @s[tag=aj.fake_wall.bone.5] run data modify entity @s {} merge value {transformation:[-0.40067990741565573f,0f,-0.9162181027426721f,-1.0948275862068966f,0f,1f,0f,0.28125f,0.9162181027426721f,0f,-0.40067990741565573f,0.40392241379310334f,0f,0f,0f,1f],start_interpolation:0}
execute if entity @s[tag=aj.fake_wall.bone.6] run data modify entity @s {} merge value {transformation:[-0.7071067811865474f,0f,0.7071067811865477f,1.25f,0f,1f,0f,0.28125f,-0.7071067811865477f,0f,-0.7071067811865474f,0.43562500000000015f,0f,0f,0f,1f],start_interpolation:0}