execute if entity @s[tag=aj.fake_wall.bone.1] run data modify entity @s {} merge value {transformation:[-0.8189502835862237f,0f,-1.052187345861858f,-0.6151315789473685f,0f,1.3333333333333333f,0f,0f,1.052187345861858f,0f,-0.8189502835862237f,-0.22039473684210534f,0f,0f,0f,1f],start_interpolation:0}
execute if entity @s[tag=aj.fake_wall.bone.2] run data modify entity @s {} merge value {transformation:[-0.8155608689592604f,0f,-0.5786712961798055f,-1.0491071428571428f,0f,1f,0f,1.28125f,0.5786712961798055f,0f,-0.8155608689592604f,0.4250892857142856f,0f,0f,0f,1f],start_interpolation:0}
execute if entity @s[tag=aj.fake_wall.bone.3] run data modify entity @s {} merge value {transformation:[-0.7273736415730486f,0f,0.6862416378687337f,1.240740740740741f,0f,1f,0f,1.28125f,-0.6862416378687337f,0f,-0.7273736415730486f,0.4703472222222223f,0f,0f,0f,1f],start_interpolation:0}
execute if entity @s[tag=aj.fake_wall.bone.4] run data modify entity @s {} merge value {transformation:[-0.8467241992282841f,0f,0.5320320765153367f,0.3571428571428572f,0f,1f,0f,0f,-0.5320320765153367f,0f,-0.8467241992282841f,-0.46428571428571425f,0f,0f,0f,1f],start_interpolation:0}
execute if entity @s[tag=aj.fake_wall.bone.5] run data modify entity @s {} merge value {transformation:[-0.703907862409132f,0f,-0.7102912932301835f,-1.0646551724137931f,0f,1f,0f,0.28125f,0.7102912932301835f,0f,-0.703907862409132f,0.43409482758620677f,0f,0f,0f,1f],start_interpolation:0}
execute if entity @s[tag=aj.fake_wall.bone.6] run data modify entity @s {} merge value {transformation:[-0.9135454576426009f,0f,0.4067366430758004f,1.1333333333333333f,0f,1f,0f,0.28125f,-0.4067366430758004f,0f,-0.9135454576426009f,0.4647916666666668f,0f,0f,0f,1f],start_interpolation:0}