execute if entity @s[tag=aj.fake_wall.bone.1] run data modify entity @s {} merge value {transformation:[-1.3151484045369632f,0f,-0.21945945370764477f,-0.1118421052631577f,0f,1.3333333333333333f,0f,0f,0.21945945370764477f,0f,-1.3151484045369632f,-0.39802631578947373f,0f,0f,0f,1f],start_interpolation:0}
execute if entity @s[tag=aj.fake_wall.bone.2] run data modify entity @s {} merge value {transformation:[-0.9937122098932426f,0f,-0.11196447610330758f,-1.0089285714285714f,0f,1f,0f,1.28125f,0.11196447610330758f,0f,-0.9937122098932426f,0.4853571428571428f,0f,0f,0f,1f],start_interpolation:0}
execute if entity @s[tag=aj.fake_wall.bone.3] run data modify entity @s {} merge value {transformation:[-0.9730448705798238f,0f,0.23061587074244028f,1.074074074074074f,0f,1f,0f,1.28125f,-0.23061587074244028f,0f,-0.9730448705798238f,0.5328472222222222f,0f,0f,0f,1f],start_interpolation:0}
execute if entity @s[tag=aj.fake_wall.bone.4] run data modify entity @s {} merge value {transformation:[-0.9984268150178166f,0f,0.05607044723719171f,0.03571428571428567f,0f,1f,0f,0f,-0.05607044723719171f,0f,-0.9984268150178166f,-0.6651785714285715f,0f,0f,0f,1f],start_interpolation:0}
execute if entity @s[tag=aj.fake_wall.bone.5] run data modify entity @s {} merge value {transformation:[-0.9504970322284206f,0f,-0.31073363468566556f,-1.0258620689655171f,0f,1f,0f,0.28125f,0.31073363468566556f,0f,-0.9504970322284206f,0.4728879310344827f,0f,0f,0f,1f],start_interpolation:0}