execute if entity @s[tag=aj.fake_wall.bone.2] run data modify entity @s {} merge value {transformation:[-0.38268343236508995f,0f,-0.9238795325112866f,-1.09375f,0f,1f,0f,1.28125f,0.9238795325112866f,0f,-0.38268343236508995f,0.3581249999999999f,0f,0f,0f,1f],start_interpolation:0}
execute if entity @s[tag=aj.fake_wall.bone.3] run data modify entity @s {} merge value {transformation:[-0.23061587074243983f,0f,0.9730448705798238f,1.425925925925926f,0f,1f,0f,1.28125f,-0.9730448705798238f,0f,-0.23061587074243983f,0.40090277777777783f,0f,0f,0f,1f],start_interpolation:0}
execute if entity @s[tag=aj.fake_wall.bone.4] run data modify entity @s {} merge value {transformation:[-0.43388373911755795f,0f,0.9009688679024191f,0.7142857142857143f,0f,1f,0f,0f,-0.9009688679024191f,0f,-0.43388373911755795f,-0.24107142857142846f,0f,0f,0f,1f],start_interpolation:0}
execute if entity @s[tag=aj.fake_wall.bone.5] run data modify entity @s {} merge value {transformation:[-0.25154515783970055f,0f,-0.9678455628701307f,-1.1077586206896552f,0f,1f,0f,0.28125f,0.9678455628701307f,0f,-0.25154515783970055f,0.3909913793103447f,0f,0f,0f,1f],start_interpolation:0}
execute if entity @s[tag=aj.fake_wall.bone.6] run data modify entity @s {} merge value {transformation:[-0.587785252292473f,0f,0.8090169943749475f,1.3f,0f,1f,0f,0.28125f,-0.8090169943749475f,0f,-0.587785252292473f,0.42312500000000014f,0f,0f,0f,1f],start_interpolation:0}