execute if entity @s[tag=aj.fake_wall.bone.2] run data modify entity @s {} merge value {transformation:[-0.16750622330473686f,0f,-0.9858710185182359f,-1.1116071428571428f,0f,1f,0f,1.28125f,0.9858710185182359f,0f,-0.16750622330473686f,0.33133928571428567f,0f,0f,0f,1f],start_interpolation:0}
execute if entity @s[tag=aj.fake_wall.bone.3] run data modify entity @s {} merge value {transformation:[-9.957992501029599e-17f,0f,1f,1.5f,0f,1f,0f,1.28125f,-1f,0f,-9.957992501029599e-17f,0.3731250000000001f,0f,0f,0f,1f],start_interpolation:0}
execute if entity @s[tag=aj.fake_wall.bone.4] run data modify entity @s {} merge value {transformation:[-0.22252093395631467f,0f,0.9749279121818235f,0.857142857142857f,0f,1f,0f,0f,-0.9749279121818235f,0f,-0.22252093395631467f,-0.1517857142857143f,0f,0f,0f,1f],start_interpolation:0}
execute if entity @s[tag=aj.fake_wall.bone.5] run data modify entity @s {} merge value {transformation:[-0.04361938736533601f,0f,-0.9990482215818578f,-1.125f,0f,1f,0f,0.28125f,0.9990482215818578f,0f,-0.04361938736533601f,0.3737499999999999f,0f,0f,0f,1f],start_interpolation:0}
execute if entity @s[tag=aj.fake_wall.bone.6] run data modify entity @s {} merge value {transformation:[-0.4067366430758006f,0f,0.9135454576426006f,1.3666666666666667f,0f,1f,0f,0.28125f,-0.9135454576426006f,0f,-0.4067366430758006f,0.40645833333333353f,0f,0f,0f,1f],start_interpolation:0}