execute if entity @s[tag=aj.fake_wall.bone.1] run data modify entity @s {} merge value {transformation:[-0.5355938995372929f,0f,-1.221031102206743f,-0.7828947368421052f,0f,1.3333333333333333f,0f,0f,1.221031102206743f,0f,-0.5355938995372929f,-0.1611842105263159f,0f,0f,0f,1f],start_interpolation:0}
execute if entity @s[tag=aj.fake_wall.bone.2] run data modify entity @s {} merge value {transformation:[-0.7071067811865478f,0f,-0.7071067811865474f,-1.0625f,0f,1f,0f,1.28125f,0.7071067811865474f,0f,-0.7071067811865478f,0.4049999999999999f,0f,0f,0f,1f],start_interpolation:0}
execute if entity @s[tag=aj.fake_wall.bone.3] run data modify entity @s {} merge value {transformation:[-0.597158591702786f,0f,0.802123192755044f,1.2962962962962963f,0f,1f,0f,1.28125f,-0.802123192755044f,0f,-0.597158591702786f,0.44951388888888894f,0f,0f,0f,1f],start_interpolation:0}
execute if entity @s[tag=aj.fake_wall.bone.4] run data modify entity @s {} merge value {transformation:[-0.7456421648831656f,0f,0.666346577952004f,0.4642857142857143f,0f,1f,0f,0f,-0.666346577952004f,0f,-0.7456421648831656f,-0.39732142857142855f,0f,0f,0f,1f],start_interpolation:0}
execute if entity @s[tag=aj.fake_wall.bone.5] run data modify entity @s {} merge value {transformation:[-0.5833945791074941f,0f,-0.8121888727802109f,-1.0775862068965518f,0f,1f,0f,0.28125f,0.8121888727802109f,0f,-0.5833945791074941f,0.4211637931034482f,0f,0f,0f,1f],start_interpolation:0}
execute if entity @s[tag=aj.fake_wall.bone.6] run data modify entity @s {} merge value {transformation:[-0.8386705679454239f,0f,0.5446390350150272f,1.1833333333333333f,0f,1f,0f,0.28125f,-0.5446390350150272f,0f,-0.8386705679454239f,0.4522916666666668f,0f,0f,0f,1f],start_interpolation:0}