execute if entity @s[tag=aj.fake_wall.bone.1] run data modify entity @s {} merge value {transformation:[-4.593457131196888e-16f,0f,-1.3333333333333333f,-1.0625f,0f,1.3333333333333333f,0f,0f,1.3333333333333333f,0f,-4.593457131196888e-16f,-0.06250000000000012f,0f,0f,0f,1f],start_interpolation:0}
execute if entity @s[tag=aj.fake_wall.bone.2] run data modify entity @s {} merge value {transformation:[-0.48371888710524f,0f,-0.8752234219087536f,-1.0848214285714286f,0f,1f,0f,1.28125f,0.8752234219087536f,0f,-0.48371888710524f,0.37151785714285707f,0f,0f,0f,1f],start_interpolation:0}
execute if entity @s[tag=aj.fake_wall.bone.3] run data modify entity @s {} merge value {transformation:[-0.3420201433256682f,0f,0.9396926207859085f,1.3888888888888888f,0f,1f,0f,1.28125f,-0.9396926207859085f,0f,-0.3420201433256682f,0.4147916666666667f,0f,0f,0f,1f],start_interpolation:0}
execute if entity @s[tag=aj.fake_wall.bone.4] run data modify entity @s {} merge value {transformation:[-0.5320320765153365f,0f,0.8467241992282842f,0.6428571428571428f,0f,1f,0f,0f,-0.8467241992282842f,0f,-0.5320320765153365f,-0.2857142857142857f,0f,0f,0f,1f],start_interpolation:0}
execute if entity @s[tag=aj.fake_wall.bone.5] run data modify entity @s {} merge value {transformation:[-0.35189798335675493f,0f,-0.9360383588878445f,-1.0991379310344827f,0f,1f,0f,0.28125f,0.9360383588878445f,0f,-0.35189798335675493f,0.39961206896551715f,0f,0f,0f,1f],start_interpolation:0}
execute if entity @s[tag=aj.fake_wall.bone.6] run data modify entity @s {} merge value {transformation:[-0.6691306063588581f,0f,0.7431448254773942f,1.2666666666666666f,0f,1f,0f,0.28125f,-0.7431448254773942f,0f,-0.6691306063588581f,0.4314583333333335f,0f,0f,0f,1f],start_interpolation:0}