execute if entity @s[tag=aj.fake_wall.bone.2] run data modify entity @s {} merge value {transformation:[-0.2768355114248494f,0f,-0.9609173219450996f,-1.1026785714285714f,0f,1f,0f,1.28125f,0.9609173219450996f,0f,-0.2768355114248494f,0.34473214285714276f,0f,0f,0f,1f],start_interpolation:0}
execute if entity @s[tag=aj.fake_wall.bone.3] run data modify entity @s {} merge value {transformation:[-0.1160929141252297f,0f,0.993238357741943f,1.462962962962963f,0f,1f,0f,1.28125f,-0.993238357741943f,0f,-0.1160929141252297f,0.38701388888888894f,0f,0f,0f,1f],start_interpolation:0}
execute if entity @s[tag=aj.fake_wall.bone.4] run data modify entity @s {} merge value {transformation:[-0.33027906195516676f,0f,0.9438833303083677f,0.7857142857142858f,0f,1f,0f,0f,-0.9438833303083677f,0f,-0.33027906195516676f,-0.1964285714285713f,0f,0f,0f,1f],start_interpolation:0}
execute if entity @s[tag=aj.fake_wall.bone.5] run data modify entity @s {} merge value {transformation:[-0.14840461133062588f,0f,-0.9889267269802177f,-1.1163793103448276f,0f,1f,0f,0.28125f,0.9889267269802177f,0f,-0.14840461133062588f,0.3823706896551723f,0f,0f,0f,1f],start_interpolation:0}
execute if entity @s[tag=aj.fake_wall.bone.6] run data modify entity @s {} merge value {transformation:[-0.4999999999999999f,0f,0.8660254037844387f,1.3333333333333335f,0f,1f,0f,0.28125f,-0.8660254037844387f,0f,-0.4999999999999999f,0.41479166666666684f,0f,0f,0f,1f],start_interpolation:0}