execute if entity @s[tag=aj.fake_wall.bone.2] run data modify entity @s {} merge value {transformation:[-0.11196447610330808f,0f,-0.9937122098932425f,-1.1160714285714286f,0f,1f,0f,1.28125f,0.9937122098932425f,0f,-0.11196447610330808f,0.32464285714285707f,0f,0f,0f,1f],start_interpolation:0}
execute if entity @s[tag=aj.fake_wall.bone.4] run data modify entity @s {} merge value {transformation:[-0.16750622330473608f,0f,0.9858710185182359f,0.8928571428571429f,0f,1f,0f,0f,-0.9858710185182359f,0f,-0.16750622330473608f,-0.1294642857142856f,0f,0f,0f,1f],start_interpolation:0}
execute if entity @s[tag=aj.fake_wall.bone.6] run data modify entity @s {} merge value {transformation:[-0.35836794954530016f,0f,0.9335804264972017f,1.3833333333333333f,0f,1f,0f,0.28125f,-0.9335804264972017f,0f,-0.35836794954530016f,0.4022916666666668f,0f,0f,0f,1f],start_interpolation:0}