execute if entity @s[tag=aj.fake_wall.bone.1] run data modify entity @s {} merge value {transformation:[-1.2610896556008462f,0f,-0.43293262560624446f,-0.22368421052631568f,0f,1.3333333333333333f,0f,0f,0.43293262560624446f,0f,-1.2610896556008462f,-0.3585526315789474f,0f,0f,0f,1f],start_interpolation:0}
execute if entity @s[tag=aj.fake_wall.bone.2] run data modify entity @s {} merge value {transformation:[-0.9749279121818236f,0f,-0.22252093395631423f,-1.0178571428571428f,0f,1f,0f,1.28125f,0.22252093395631423f,0f,-0.9749279121818236f,0.4719642857142856f,0f,0f,0f,1f],start_interpolation:0}
execute if entity @s[tag=aj.fake_wall.bone.3] run data modify entity @s {} merge value {transformation:[-0.9396926207859084f,0f,0.3420201433256688f,1.1111111111111112f,0f,1f,0f,1.28125f,-0.3420201433256688f,0f,-0.9396926207859084f,0.5189583333333334f,0f,0f,0f,1f],start_interpolation:0}
execute if entity @s[tag=aj.fake_wall.bone.4] run data modify entity @s {} merge value {transformation:[-0.9858710185182359f,0f,0.1675062233047364f,0.10714285714285715f,0f,1f,0f,0f,-0.1675062233047364f,0f,-0.9858710185182359f,-0.6205357142857143f,0f,0f,0f,1f],start_interpolation:0}
execute if entity @s[tag=aj.fake_wall.bone.5] run data modify entity @s {} merge value {transformation:[-0.9125636536982432f,0f,-0.4089346866541315f,-1.0344827586206897f,0f,1f,0f,0.28125f,0.4089346866541315f,0f,-0.9125636536982432f,0.46426724137931025f,0f,0f,0f,1f],start_interpolation:0}
execute if entity @s[tag=aj.fake_wall.bone.6] run data modify entity @s {} merge value {transformation:[-0.9986295347545738f,0f,0.052335956242944f,1.0166666666666666f,0f,1f,0f,0.28125f,-0.052335956242944f,0f,-0.9986295347545738f,0.49395833333333344f,0f,0f,0f,1f],start_interpolation:0}