execute if entity @s[tag=aj.fake_wall.bone.2] run data modify entity @s {} merge value {transformation:[-0.05607044723719236f,0f,-0.9984268150178165f,-1.1205357142857142f,0f,1f,0f,1.28125f,0.9984268150178165f,0f,-0.05607044723719236f,0.3179464285714285f,0f,0f,0f,1f],start_interpolation:0}
execute if entity @s[tag=aj.fake_wall.bone.4] run data modify entity @s {} merge value {transformation:[-0.11196447610330783f,0f,0.9937122098932425f,0.9285714285714285f,0f,1f,0f,0f,-0.9937122098932425f,0f,-0.11196447610330783f,-0.1071428571428571f,0f,0f,0f,1f],start_interpolation:0}
execute if entity @s[tag=aj.fake_wall.bone.6] run data modify entity @s {} merge value {transformation:[-0.30901699437494756f,0f,0.9510565162951534f,1.4f,0f,1f,0f,0.28125f,-0.9510565162951534f,0f,-0.30901699437494756f,0.3981250000000002f,0f,0f,0f,1f],start_interpolation:0}