execute if entity @s[tag=aj.fake_wall.bone.1] run data modify entity @s {} merge value {transformation:[-0.21945945370764575f,0f,-1.315148404536963f,-0.950657894736842f,0f,1.3333333333333333f,0f,0f,1.315148404536963f,0f,-0.21945945370764575f,-0.10197368421052644f,0f,0f,0f,1f],start_interpolation:0}
execute if entity @s[tag=aj.fake_wall.bone.2] run data modify entity @s {} merge value {transformation:[-0.5786712961798061f,0f,-0.8155608689592599f,-1.0758928571428572f,0f,1f,0f,1.28125f,0.8155608689592599f,0f,-0.5786712961798061f,0.3849107142857142f,0f,0f,0f,1f],start_interpolation:0}
execute if entity @s[tag=aj.fake_wall.bone.3] run data modify entity @s {} merge value {transformation:[-0.44879918020046206f,0f,0.8936326403234123f,1.3518518518518519f,0f,1f,0f,1.28125f,-0.8936326403234123f,0f,-0.44879918020046206f,0.4286805555555557f,0f,0f,0f,1f],start_interpolation:0}
execute if entity @s[tag=aj.fake_wall.bone.4] run data modify entity @s {} merge value {transformation:[-0.6234898018587336f,0f,0.7818314824680297f,0.5714285714285713f,0f,1f,0f,0f,-0.7818314824680297f,0f,-0.6234898018587336f,-0.3303571428571429f,0f,0f,0f,1f],start_interpolation:0}
execute if entity @s[tag=aj.fake_wall.bone.5] run data modify entity @s {} merge value {transformation:[-0.44835093895113476f,0f,-0.8938576148031833f,-1.0905172413793103f,0f,1f,0f,0.28125f,0.8938576148031833f,0f,-0.44835093895113476f,0.4082327586206896f,0f,0f,0f,1f],start_interpolation:0}
execute if entity @s[tag=aj.fake_wall.bone.6] run data modify entity @s {} merge value {transformation:[-0.7431448254773944f,0f,0.6691306063588581f,1.2333333333333334f,0f,1f,0f,0.28125f,-0.6691306063588581f,0f,-0.7431448254773944f,0.43979166666666686f,0f,0f,0f,1f],start_interpolation:0}