execute if entity @s[tag=aj.fake_wall.bone.1] run data modify entity @s {} merge value {transformation:[-1.1162219710167052f,0f,-0.7292642108299019f,-0.39144736842105243f,0f,1.3333333333333333f,0f,0f,0.7292642108299019f,0f,-1.1162219710167052f,-0.299342105263158f,0f,0f,0f,1f],start_interpolation:0}
execute if entity @s[tag=aj.fake_wall.bone.2] run data modify entity @s {} merge value {transformation:[-0.9238795325112868f,0f,-0.38268343236508945f,-1.03125f,0f,1f,0f,1.28125f,0.38268343236508945f,0f,-0.9238795325112868f,0.4518749999999999f,0f,0f,0f,1f],start_interpolation:0}
execute if entity @s[tag=aj.fake_wall.bone.3] run data modify entity @s {} merge value {transformation:[-0.8660254037844386f,0f,0.5f,1.1666666666666667f,0f,1f,0f,1.28125f,-0.5f,0f,-0.8660254037844386f,0.4981250000000001f,0f,0f,0f,1f],start_interpolation:0}
execute if entity @s[tag=aj.fake_wall.bone.4] run data modify entity @s {} merge value {transformation:[-0.9438833303083677f,0f,0.330279061955167f,0.21428571428571422f,0f,1f,0f,0f,-0.330279061955167f,0f,-0.9438833303083677f,-0.5535714285714286f,0f,0f,0f,1f],start_interpolation:0}
execute if entity @s[tag=aj.fake_wall.bone.5] run data modify entity @s {} merge value {transformation:[-0.8368631630725708f,0f,-0.5474121356822224f,-1.0474137931034482f,0f,1f,0f,0.28125f,0.5474121356822224f,0f,-0.8368631630725708f,0.45133620689655163f,0f,0f,0f,1f],start_interpolation:0}
execute if entity @s[tag=aj.fake_wall.bone.6] run data modify entity @s {} merge value {transformation:[-0.9781476007338057f,0f,0.20791169081775931f,1.0666666666666667f,0f,1f,0f,0.28125f,-0.20791169081775931f,0f,-0.9781476007338057f,0.48145833333333343f,0f,0f,0f,1f],start_interpolation:0}