execute if entity @s[tag=aj.fake_wall.bone.1] run data modify entity @s {} merge value {transformation:[-1.328779324008893f,0f,-0.11010579396310971f,-0.055921052631578955f,0f,1.3333333333333333f,0f,0f,0.11010579396310971f,0f,-1.328779324008893f,-0.41776315789473684f,0f,0f,0f,1f],start_interpolation:0}
execute if entity @s[tag=aj.fake_wall.bone.2] run data modify entity @s {} merge value {transformation:[-0.9984268150178166f,0f,-0.056070447237191706f,-1.0044642857142858f,0f,1f,0f,1.28125f,0.056070447237191706f,0f,-0.9984268150178166f,0.4920535714285713f,0f,0f,0f,1f],start_interpolation:0}
execute if entity @s[tag=aj.fake_wall.bone.3] run data modify entity @s {} merge value {transformation:[-0.984807753012208f,0f,0.17364817766693058f,1.0555555555555556f,0f,1f,0f,1.28125f,-0.17364817766693058f,0f,-0.984807753012208f,0.5397916666666667f,0f,0f,0f,1f],start_interpolation:0}
execute if entity @s[tag=aj.fake_wall.bone.5] run data modify entity @s {} merge value {transformation:[-0.965535315473347f,0f,-0.2602720779756911f,-1.021551724137931f,0f,1f,0f,0.28125f,0.2602720779756911f,0f,-0.965535315473347f,0.47719827586206887f,0f,0f,0f,1f],start_interpolation:0}