execute if entity @s[tag=aj.fake_wall.bone.1] run data modify entity @s {} merge value {transformation:[-0.43293262560624524f,0f,-1.261089655600846f,-0.838815789473684f,0f,1.3333333333333333f,0f,0f,1.261089655600846f,0f,-0.43293262560624524f,-0.14144736842105282f,0f,0f,0f,1f],start_interpolation:0}
execute if entity @s[tag=aj.fake_wall.bone.2] run data modify entity @s {} merge value {transformation:[-0.6663465779520044f,0f,-0.7456421648831653f,-1.0669642857142856f,0f,1f,0f,1.28125f,0.7456421648831653f,0f,-0.6663465779520044f,0.3983035714285714f,0f,0f,0f,1f],start_interpolation:0}
execute if entity @s[tag=aj.fake_wall.bone.3] run data modify entity @s {} merge value {transformation:[-0.5495089780708061f,0f,0.8354878114129364f,1.3148148148148149f,0f,1f,0f,1.28125f,-0.8354878114129364f,0f,-0.5495089780708061f,0.44256944444444457f,0f,0f,0f,1f],start_interpolation:0}
execute if entity @s[tag=aj.fake_wall.bone.4] run data modify entity @s {} merge value {transformation:[-0.7071067811865476f,0f,0.7071067811865476f,0.4999999999999999f,0f,1f,0f,0f,-0.7071067811865476f,0f,-0.7071067811865476f,-0.37500000000000006f,0f,0f,0f,1f],start_interpolation:0}
execute if entity @s[tag=aj.fake_wall.bone.5] run data modify entity @s {} merge value {transformation:[-0.5398350955630952f,0f,-0.8417707939803946f,-1.081896551724138f,0f,1f,0f,0.28125f,0.8417707939803946f,0f,-0.5398350955630952f,0.416853448275862f,0f,0f,0f,1f],start_interpolation:0}
execute if entity @s[tag=aj.fake_wall.bone.6] run data modify entity @s {} merge value {transformation:[-0.8090169943749475f,0f,0.587785252292473f,1.2f,0f,1f,0f,0.28125f,-0.587785252292473f,0f,-0.8090169943749475f,0.44812500000000016f,0f,0f,0f,1f],start_interpolation:0}