execute if entity @s[tag=aj.fake_wall.bone.1] run data modify entity @s {} merge value {transformation:[-0.32731398285439894f,0f,-1.2925336879191072f,-0.8947368421052633f,0f,1.3333333333333333f,0f,0f,1.2925336879191072f,0f,-0.32731398285439894f,-0.12171052631578955f,0f,0f,0f,1f],start_interpolation:0}
execute if entity @s[tag=aj.fake_wall.bone.2] run data modify entity @s {} merge value {transformation:[-0.6234898018587337f,0f,-0.7818314824680296f,-1.0714285714285714f,0f,1f,0f,1.28125f,0.7818314824680296f,0f,-0.6234898018587337f,0.39160714285714276f,0f,0f,0f,1f],start_interpolation:0}
execute if entity @s[tag=aj.fake_wall.bone.3] run data modify entity @s {} merge value {transformation:[-0.49999999999999967f,0f,0.8660254037844389f,1.3333333333333335f,0f,1f,0f,1.28125f,-0.8660254037844389f,0f,-0.49999999999999967f,0.4356250000000001f,0f,0f,0f,1f],start_interpolation:0}
execute if entity @s[tag=aj.fake_wall.bone.4] run data modify entity @s {} merge value {transformation:[-0.6663465779520038f,0f,0.7456421648831657f,0.5357142857142857f,0f,1f,0f,0f,-0.7456421648831657f,0f,-0.6663465779520038f,-0.3526785714285714f,0f,0f,0f,1f],start_interpolation:0}
execute if entity @s[tag=aj.fake_wall.bone.5] run data modify entity @s {} merge value {transformation:[-0.4947789091383099f,0f,-0.8690188899396284f,-1.0862068965517242f,0f,1f,0f,0.28125f,0.8690188899396284f,0f,-0.4947789091383099f,0.41254310344827577f,0f,0f,0f,1f],start_interpolation:0}
execute if entity @s[tag=aj.fake_wall.bone.6] run data modify entity @s {} merge value {transformation:[-0.7771459614569708f,0f,0.6293203910498376f,1.2166666666666668f,0f,1f,0f,0.28125f,-0.6293203910498376f,0f,-0.7771459614569708f,0.4439583333333335f,0f,0f,0f,1f],start_interpolation:0}