execute if entity @s[tag=aj.fake_wall.bone.1] run data modify entity @s {} merge value {transformation:[-0.7292642108299028f,0f,-1.1162219710167043f,-0.6710526315789472f,0f,1.3333333333333333f,0f,0f,1.1162219710167043f,0f,-0.7292642108299028f,-0.20065789473684223f,0f,0f,0f,1f],start_interpolation:0}
execute if entity @s[tag=aj.fake_wall.bone.2] run data modify entity @s {} merge value {transformation:[-0.78183148246803f,0f,-0.6234898018587333f,-1.0535714285714286f,0f,1f,0f,1.28125f,0.6234898018587333f,0f,-0.78183148246803f,0.41839285714285707f,0f,0f,0f,1f],start_interpolation:0}
execute if entity @s[tag=aj.fake_wall.bone.3] run data modify entity @s {} merge value {transformation:[-0.6862416378687336f,0f,0.7273736415730487f,1.2592592592592593f,0f,1f,0f,1.28125f,-0.7273736415730487f,0f,-0.6862416378687336f,0.4634027777777779f,0f,0f,0f,1f],start_interpolation:0}
execute if entity @s[tag=aj.fake_wall.bone.4] run data modify entity @s {} merge value {transformation:[-0.8155608689592602f,0f,0.5786712961798056f,0.3928571428571428f,0f,1f,0f,0f,-0.5786712961798056f,0f,-0.8155608689592602f,-0.44196428571428575f,0f,0f,0f,1f],start_interpolation:0}
execute if entity @s[tag=aj.fake_wall.bone.5] run data modify entity @s {} merge value {transformation:[-0.6655448441021746f,0f,-0.746357863554081f,-1.0689655172413792f,0f,1f,0f,0.28125f,0.746357863554081f,0f,-0.6655448441021746f,0.4297844827586206f,0f,0f,0f,1f],start_interpolation:0}
execute if entity @s[tag=aj.fake_wall.bone.6] run data modify entity @s {} merge value {transformation:[-0.8910065241883678f,0f,0.4539904997395468f,1.15f,0f,1f,0f,0.28125f,-0.4539904997395468f,0f,-0.8910065241883678f,0.4606250000000002f,0f,0f,0f,1f],start_interpolation:0}