execute if entity @s[tag=aj.fake_wall.bone.1] run data modify entity @s {} merge value {transformation:[-1.1726316682753188f,0f,-0.6345965240494312f,-0.3355263157894737f,0f,1.3333333333333333f,0f,0f,0.6345965240494312f,0f,-1.1726316682753188f,-0.3190789473684211f,0f,0f,0f,1f],start_interpolation:0}
execute if entity @s[tag=aj.fake_wall.bone.2] run data modify entity @s {} merge value {transformation:[-0.9438833303083676f,0f,-0.33027906195516704f,-1.0267857142857142f,0f,1f,0f,1.28125f,0.33027906195516704f,0f,-0.9438833303083676f,0.45857142857142846f,0f,0f,0f,1f],start_interpolation:0}
execute if entity @s[tag=aj.fake_wall.bone.3] run data modify entity @s {} merge value {transformation:[-0.8936326403234122f,0f,0.4487991802004624f,1.1481481481481481f,0f,1f,0f,1.28125f,-0.4487991802004624f,0f,-0.8936326403234122f,0.5050694444444445f,0f,0f,0f,1f],start_interpolation:0}
execute if entity @s[tag=aj.fake_wall.bone.4] run data modify entity @s {} merge value {transformation:[-0.9609173219450996f,0f,0.27683551142484947f,0.17857142857142866f,0f,1f,0f,0f,-0.27683551142484947f,0f,-0.9609173219450996f,-0.5758928571428571f,0f,0f,0f,1f],start_interpolation:0}
execute if entity @s[tag=aj.fake_wall.bone.5] run data modify entity @s {} merge value {transformation:[-0.8645168908524316f,0f,-0.502603765834325f,-1.043103448275862f,0f,1f,0f,0.28125f,0.502603765834325f,0f,-0.8645168908524316f,0.4556465517241378f,0f,0f,0f,1f],start_interpolation:0}
execute if entity @s[tag=aj.fake_wall.bone.6] run data modify entity @s {} merge value {transformation:[-0.9876883405951377f,0f,0.1564344650402311f,1.05f,0f,1f,0f,0.28125f,-0.1564344650402311f,0f,-0.9876883405951377f,0.4856250000000001f,0f,0f,0f,1f],start_interpolation:0}