execute if entity @s[tag=aj.fake_wall.bone.1] run data modify entity @s {} merge value {transformation:[-1.2925336879191072f,0f,-0.3273139828543985f,-0.1677631578947367f,0f,1.3333333333333333f,0f,0f,0.3273139828543985f,0f,-1.2925336879191072f,-0.37828947368421056f,0f,0f,0f,1f],start_interpolation:0}
execute if entity @s[tag=aj.fake_wall.bone.2] run data modify entity @s {} merge value {transformation:[-0.9858710185182359f,0f,-0.16750622330473616f,-1.0133928571428572f,0f,1f,0f,1.28125f,0.16750622330473616f,0f,-0.9858710185182359f,0.4786607142857142f,0f,0f,0f,1f],start_interpolation:0}
execute if entity @s[tag=aj.fake_wall.bone.3] run data modify entity @s {} merge value {transformation:[-0.9579895123154889f,0f,0.2868032327110904f,1.0925925925925926f,0f,1f,0f,1.28125f,-0.2868032327110904f,0f,-0.9579895123154889f,0.5259027777777778f,0f,0f,0f,1f],start_interpolation:0}
execute if entity @s[tag=aj.fake_wall.bone.4] run data modify entity @s {} merge value {transformation:[-0.9937122098932426f,0f,0.11196447610330787f,0.07142857142857142f,0f,1f,0f,0f,-0.11196447610330787f,0f,-0.9937122098932426f,-0.6428571428571429f,0f,0f,0f,1f],start_interpolation:0}
execute if entity @s[tag=aj.fake_wall.bone.5] run data modify entity @s {} merge value {transformation:[-0.9328234782172409f,0f,-0.36033367659252824f,-1.0301724137931034f,0f,1f,0f,0.28125f,0.36033367659252824f,0f,-0.9328234782172409f,0.4685775862068965f,0f,0f,0f,1f],start_interpolation:0}